0.190607 3.19385 -33.87971 0.9886934 -0.1497871 -0.007021246 -0.1497871 -0.9843333 -0.09301534
2.832357 14.47523 -165.6269 0.7427974 -0.668826 -0.03039351 -0.668826 -0.7392058 -0.07903487
10.23081 25.2637 -321.9659 -0.02377665 -0.9978264 -0.06145937 -0.9978264 0.02746606 -0.05990153
21.97502 32.44589 -469.2527 -0.70847 -0.6993615 -0.09467746 -0.6993615 0.7137166 -0.03875618
37.84462 36.10228 -607.7227 -0.9638107 -0.2326716 -0.1301256 -0.2326716 0.9724331 -0.01541724
57.61927 36.31336 -737.6114 -0.9783231 0.1213025 -0.167838 0.1213025 0.9925622 0.01029113
81.07861 33.1596 -859.1545 -0.9117079 0.3544193 -0.2077882 0.3544193 0.9342927 0.03852271
108.0023 26.72148 -972.5874 -0.8250173 0.5068676 -0.2498637 0.5068676 0.8592261 0.0693954
138.17 17.07948 -1078.146 -0.7370024 0.6086757 -0.2938394 0.6086757 0.7867095 0.1029664
171.3613 4.314097 -1176.065 -0.6522652 0.6777834 -0.3393521 0.6777834 0.7219633 0.1392072
207.3559 -11.4942 -1266.581 -0.5710137 0.7245988 -0.3858756 0.7245988 0.6657932 0.1779775
245.9335 -30.26493 -1349.928 -0.4922873 0.755258 -0.4327108 0.755258 0.6177582 0.2189982
286.8736 -51.91761 -1426.344 -0.4150193 0.7735152 -0.478992 0.7735152 0.5771607 0.2618392
329.956 -76.37176 -1496.062 -0.3384027 0.7817926 -0.5237212 0.7817926 0.5433365 0.3059179
374.9603 -103.5469 -1559.319 -0.2619898 0.7817922 -0.5658289 0.7817922 0.5156863 0.3505263
421.6661 -133.3625 -1616.35 -0.1857065 0.7748424 -0.604262 0.7748424 0.4936514 0.3948767
469.8531 -165.7382 -1667.391 -0.1097962 0.7621009 -0.638081 0.7621009 0.4766627 0.4381724
519.3009 -200.5934 -1712.677 -0.03474307 0.7446489 -0.6665518 0.7446489 0.4641163 0.4796814
569.7892 -237.8477 -1752.444 0.03884161 0.7235245 -0.6892051 0.7235245 0.4553575 0.5188081
621.0977 -277.4205 -1786.928 0.1103163 0.6997076 -0.705861 0.6997076 0.4497026 0.5551369
673.0059 -319.2315 -1816.363 0.1791048 0.6740886 -0.7166074 0.6740886 0.4464635 0.5884513
725.2935 -363.2 -1840.985 0.2447561 0.6474391 -0.7217459 0.6474391 0.4449774 0.6187227
777.7402 -409.2458 -1861.031 0.3069751 0.6203866 -0.7217249 0.6203866 0.4446382 0.6460785
830.1257 -457.2881 -1876.735 0.3656236 0.5934088 -0.7170674 0.5934088 0.4449132 0.6707596
882.2295 -507.2466 -1888.333 0.4207026 0.5668394 -0.7083095 0.5668394 0.4453506 0.6930771
933.8314 -559.0409 -1896.06 0.4723234 0.5408826 -0.6959573 0.5408826 0.4455808 0.7133749
984.7109 -612.5903 -1900.153 0.5206754 0.5156327 -0.6804558 0.5156327 0.4453089 0.7319993
1034.648 -667.8145 -1900.846 0.5659982 0.4910939 -0.6621728 0.4910939 0.4443036 0.7492803
1083.422 -724.6329 -1898.375 0.6085529 0.4671997 -0.6413953 0.4671997 0.4423882 0.7655175
1130.812 -782.9651 -1892.977 0.648604 0.4438274 -0.6183285 0.4438274 0.439428 0.7809739
1176.599 -842.7306 -1884.885 0.6864028 0.4208094 -0.5931026 0.4208094 0.4353248 0.7958717
1220.561 -903.8489 -1874.336 0.722175 0.3979421 -0.5657786 0.3979421 0.4300085 0.8103918
1262.479 -966.2395 -1861.566 0.7561116 0.3749907 -0.5363556 0.3749907 0.4234332 0.8246735
1302.133 -1029.822 -1846.809 0.788359 0.351693 -0.5047792 0.351693 0.4155763 0.8388137
1339.301 -1094.516 -1830.302 0.8190117 0.3277607 -0.4709487 0.3277607 0.4064416 0.8528647
1373.764 -1160.24 -1812.28 0.8481031 0.302881 -0.4347231 0.302881 0.396058 0.866834
1405.301 -1226.916 -1792.978 0.8755941 0.2767178 -0.395932 0.2767178 0.3844926 0.8806774
1433.692 -1294.461 -1772.632 0.901362 0.2489154 -0.3543835 0.2489154 0.371856 0.8942954
1458.716 -1362.795 -1751.478 0.9251859 0.219105 -0.3098775 0.219105 0.3583161 0.9075256
1480.153 -1431.839 -1729.751 0.9467329 0.1869146 -0.2622207 0.1869146 0.3441151 0.9201347
1497.783 -1501.51 -1707.687 0.9655432 0.151988 -0.2112485 0.151988 0.3295844 0.931812
1511.386 -1571.73 -1685.52 0.9810198 0.1140102 -0.1568495 0.1140102 0.315163 0.9421645
1520.74 -1642.418 -1663.488 0.9924252 0.07274391 -0.09899779 0.07274391 0.3014112 0.9507153
1525.627 -1713.492 -1641.825 0.9988912 0.02807696 -0.03778886 0.02807696 0.2890188 0.9569116
1525.824 -1784.873 -1620.766 0.9994496 -0.01992329 0.02652398 -0.01992329 0.2787949 0.960144
1521.113 -1856.48 -1600.548 0.9930882 -0.07095228 0.09349614 -0.07095228 0.2716437 0.9597789
1511.272 -1928.233 -1581.406 0.9788372 -0.1244203 0.1624725 -0.1244203 0.2685085 0.9552082
1496.082 -2000.051 -1563.575 0.9558816 -0.1794257 0.2325872 -0.1794257 0.2702911 0.9459118
1475.321 -2071.853 -1547.291 0.9236881 -0.2347684 0.3027939 -0.2347684 0.2777513 0.9315246
1448.771 -2143.559 -1532.79 0.8821234 -0.2890115 0.3719282 -0.2890115 0.2913973 0.9118991
1416.209 -2215.09 -1520.306 0.8315372 -0.3405941 0.4387956 -0.3405941 0.3113949 0.8871465
1377.416 -2286.363 -1510.077 0.772784 -0.3879781 0.5022728 -0.3879781 0.3375161 0.8576456
1332.172 -2357.299 -1502.336 0.7071702 -0.4298063 0.561406 -0.4298063 0.3691437 0.8240142
1280.256 -2427.817 -1497.32 0.6363384 -0.4650339 0.615481 -0.4650339 0.4053357 0.7870492
1221.448 -2497.837 -1495.264 0.5621042 -0.4930136 0.6640606 -0.4930136 0.4449309 0.7476457
1155.527 -2567.279 -1496.404 0.4862905 -0.5135151 0.7069822 -0.5135151 0.4866793 0.7067146
1082.274 -2636.061 -1500.975 0.4105796 -0.5266933 0.7443242 -0.5266933 0.5293581 0.665112
1001.467 -2704.103 -1509.214 0.3364115 -0.533011 0.7763547 -0.533011 0.5718722 0.6235876
892.7376 -2788.194 -1519.899 0.3289775 -0.5073382 0.796481 -0.5073382 0.6164181 0.6021932
783.9126 -2868.074 -1523.093 0.3404636 -0.4718242 0.8133059 -0.4718242 0.6624628 0.581829
679.3995 -2940.392 -1518.436 0.3562654 -0.4326261 0.8281966 -0.4326261 0.7092508 0.556595
579.4023 -3005.08 -1506.208 0.3771536 -0.3895558 0.8402389 -0.3895558 0.7563546 0.5255227
484.125 -3062.07 -1486.685 0.4039601 -0.3425785 0.8482077 -0.3425785 0.8031003 0.4875139
393.7714 -3111.295 -1460.146 0.4374955 -0.2919272 0.8505153 -0.2919272 0.8484963 0.4413983
308.5454 -3152.687 -1426.868 0.478396 -0.2382513 0.8452063 -0.2382513 0.8911748 0.386062
228.6509 -3186.178 -1387.129 0.5268888 -0.1827784 0.8300483 -0.1827784 0.9293867 0.320675
154.2919 -3211.701 -1341.207 0.5824895 -0.1274301 0.8027874 -0.1274301 0.9611065 0.2450221
85.6722 -3229.188 -1289.38 0.643711 -0.07479344 0.761605 -0.07479344 0.9842991 0.1598788
22.99578 -3238.569 -1231.926 0.7079474 -0.02784828 0.705716 -0.02784828 0.9973446 0.06729259
-33.53349 -3239.78 -1169.121 0.7716991 0.01057047 0.6359 0.01057047 0.9995106 -0.02944255
-83.71169 -3232.75 -1101.245 0.8311878 0.03842135 0.5546626 0.03842135 0.9912553 -0.1262402
-127.3349 -3217.413 -1028.575 0.8831608 0.0549303 0.465843 0.0549303 0.9741753 -0.2190095
-164.1992 -3193.701 -951.3883 0.9255257 0.06065733 0.3737951 0.06065733 0.9505962 -0.3044463
-194.1008 -3161.545 -869.9634 0.9575584 0.05716155 0.2825146 0.05716155 0.9230132 -0.3804986
-216.8356 -3120.879 -784.5778 0.9796894 0.04648101 0.1950598 0.04648101 0.8936281 -0.4463949
-232.1998 -3071.635 -695.5093 0.9930787 0.03066793 0.1133761 0.03066793 0.8641116 -0.502365
-239.9895 -3013.744 -603.0358 0.9991955 0.0115017 0.03842099 0.0115017 0.8355749 -0.5492563
-240.0008 -2947.138 -507.4351 0.9995162 -0.00962078 -0.02957517 -0.00962078 0.8086595 -0.5881984
-232.0298 -2871.751 -408.9849 0.9953608 -0.03167984 -0.0908475 -0.03167984 0.783667 -0.6203728
-215.8725 -2787.515 -307.9631 0.9878285 -0.05397151 -0.1458831 -0.05397151 0.7606763 -0.6468838
-191.325 -2694.361 -204.6474 0.9777959 -0.07603396 -0.1952793 -0.07603396 0.7396353 -0.668699
-158.1835 -2592.222 -99.31573 0.9659426 -0.09757925 -0.2396524 -0.09757925 0.720422 -0.6866371
-116.2441 -2481.03 7.754172 0.9527856 -0.1184404 -0.2795917 -0.1184404 0.7028846 -0.7013738
-65.30276 -2360.717 116.2845 0.9387145 -0.1385307 -0.3156333 -0.1385307 0.686863 -0.7134623
-5.155657 -2231.216 225.9974 0.9240203 -0.1578159 -0.3482538 -0.1578159 0.6722038 -0.7233506
64.40114 -2092.458 336.6152 0.9089194 -0.176295 -0.3778698 -0.176295 0.6587645 -0.7314023
143.5715 -1944.376 447.86 0.8935731 -0.1939865 -0.4048411 -0.1939865 0.6464167 -0.7379124
232.5594 -1786.903 559.4539 0.8781003 -0.210921 -0.429479 -0.210921 0.635047 -0.7431203
331.5687 -1619.97 671.1193 0.8625896 -0.2271343 -0.45205 -0.2271343 0.6245555 -0.7472219
440.8033 -1443.51 782.5783 0.8471065 -0.2426649 -0.4727837 -0.2426649 0.6148545 -0.7503784
560.4672 -1257.454 893.5531 0.8316987 -0.2575516 -0.4918784 -0.2575516 0.6058686 -0.752722
690.7642 -1061.736 1003.766 0.8164021 -0.2718318 -0.5095047 -0.2718318 0.5975305 -0.7543638
831.8982 -856.2869 1112.939 0.8012427 -0.2855411 -0.5258103 -0.2855411 0.5897825 -0.7553958
984.0732 -641.0396 1220.794 0.7862391 -0.2987129 -0.5409239 -0.2987129 0.5825738 -0.7558958
1147.493 -415.926 1327.054 0.7714053 -0.3113781 -0.5549572 -0.3113781 0.5758591 -0.7559298
1322.362 -180.8784 1431.441 0.7567509 -0.3235654 -0.5680085 -0.3235654 0.5695995 -0.7555541
1508.883 64.17083 1533.677 0.742282 -0.3353011 -0.5801644 -0.3353011 0.5637604 -0.7548162
1707.261 319.2896 1633.483 0.7280036 -0.3466096 -0.5915002 -0.3466096 0.5583094 -0.7537588
1917.699 584.5457 1730.584 0.7139182 -0.357513 -0.6020841 -0.357513 0.5532204 -0.7524172
2140.402 860.0067 1824.699 0.7000269 -0.3680321 -0.6119761 -0.3680321 0.5484675 -0.7508234
-0.0006656647 3.499674 3.157092 1 0 0 0 1 0
-0.0006656647 3.499674 14.7177 1 0 0 0 1 0
-0.0006656647 3.499674 26.11126 1 0 0 0 1 0
-0.0006656647 3.499674 41.81421 1 0 0 0 1 0
-0.0006656647 3.499674 42.80482 1 0 0 0 1 0
-0.0006656647 3.499674 54.24625 1 0 0 0 1 0
