0.190607 3.19385 -33.87971 1.0 0.0 0.0 0.0 1.0 0.0
2.832357 14.47523 -165.6269 1.0 0.0 0.0 0.0 1.0 0.0
10.23081 25.2637 -321.9659 1.0 0.0 0.0 0.0 1.0 0.0
21.97502 32.44589 -469.2527 1.0 0.0 0.0 0.0 1.0 0.0
37.84462 36.10228 -607.7227 1.0 0.0 0.0 0.0 1.0 0.0
57.61927 36.31336 -737.6114 1.0 0.0 0.0 0.0 1.0 0.0
81.07861 33.1596 -859.1545 1.0 0.0 0.0 0.0 1.0 0.0
108.0023 26.72148 -972.5874 1.0 0.0 0.0 0.0 1.0 0.0
138.17 17.07948 -1078.146 1.0 0.0 0.0 0.0 1.0 0.0
171.3613 4.314097 -1176.065 1.0 0.0 0.0 0.0 1.0 0.0
207.3559 -11.4942 -1266.581 1.0 0.0 0.0 0.0 1.0 0.0
245.9335 -30.26493 -1349.928 1.0 0.0 0.0 0.0 1.0 0.0
286.8736 -51.91761 -1426.344 1.0 0.0 0.0 0.0 1.0 0.0
329.956 -76.37176 -1496.062 1.0 0.0 0.0 0.0 1.0 0.0
374.9603 -103.5469 -1559.319 1.0 0.0 0.0 0.0 1.0 0.0
421.6661 -133.3625 -1616.35 1.0 0.0 0.0 0.0 1.0 0.0
469.8531 -165.7382 -1667.391 1.0 0.0 0.0 0.0 1.0 0.0
519.3009 -200.5934 -1712.677 1.0 0.0 0.0 0.0 1.0 0.0
569.7892 -237.8477 -1752.444 1.0 0.0 0.0 0.0 1.0 0.0
621.0977 -277.4205 -1786.928 1.0 0.0 0.0 0.0 1.0 0.0
673.0059 -319.2315 -1816.363 1.0 0.0 0.0 0.0 1.0 0.0
725.2935 -363.2 -1840.985 1.0 0.0 0.0 0.0 1.0 0.0
777.7402 -409.2458 -1861.031 1.0 0.0 0.0 0.0 1.0 0.0
830.1257 -457.2881 -1876.735 1.0 0.0 0.0 0.0 1.0 0.0
882.2295 -507.2466 -1888.333 1.0 0.0 0.0 0.0 1.0 0.0
933.8314 -559.0409 -1896.06 1.0 0.0 0.0 0.0 1.0 0.0
984.7109 -612.5903 -1900.153 1.0 0.0 0.0 0.0 1.0 0.0
1034.648 -667.8145 -1900.846 1.0 0.0 0.0 0.0 1.0 0.0
1083.422 -724.6329 -1898.375 1.0 0.0 0.0 0.0 1.0 0.0
1130.812 -782.9651 -1892.977 1.0 0.0 0.0 0.0 1.0 0.0
1176.599 -842.7306 -1884.885 1.0 0.0 0.0 0.0 1.0 0.0
1220.561 -903.8489 -1874.336 1.0 0.0 0.0 0.0 1.0 0.0
1262.479 -966.2395 -1861.566 1.0 0.0 0.0 0.0 1.0 0.0
1302.133 -1029.822 -1846.809 1.0 0.0 0.0 0.0 1.0 0.0
1339.301 -1094.516 -1830.302 1.0 0.0 0.0 0.0 1.0 0.0
1373.764 -1160.24 -1812.28 1.0 0.0 0.0 0.0 1.0 0.0
1405.301 -1226.916 -1792.978 1.0 0.0 0.0 0.0 1.0 0.0
1433.692 -1294.461 -1772.632 1.0 0.0 0.0 0.0 1.0 0.0
1458.716 -1362.795 -1751.478 1.0 0.0 0.0 0.0 1.0 0.0
1480.153 -1431.839 -1729.751 1.0 0.0 0.0 0.0 1.0 0.0
1497.783 -1501.51 -1707.687 1.0 0.0 0.0 0.0 1.0 0.0
1511.386 -1571.73 -1685.52 1.0 0.0 0.0 0.0 1.0 0.0
1520.74 -1642.418 -1663.488 1.0 0.0 0.0 0.0 1.0 0.0
1525.627 -1713.492 -1641.825 1.0 0.0 0.0 0.0 1.0 0.0
1525.824 -1784.873 -1620.766 1.0 0.0 0.0 0.0 1.0 0.0
1521.113 -1856.48 -1600.548 1.0 0.0 0.0 0.0 1.0 0.0
1511.272 -1928.233 -1581.406 1.0 0.0 0.0 0.0 1.0 0.0
1496.082 -2000.051 -1563.575 1.0 0.0 0.0 0.0 1.0 0.0
1475.321 -2071.853 -1547.291 1.0 0.0 0.0 0.0 1.0 0.0
1448.771 -2143.559 -1532.79 1.0 0.0 0.0 0.0 1.0 0.0
1416.209 -2215.09 -1520.306 1.0 0.0 0.0 0.0 1.0 0.0
1377.416 -2286.363 -1510.077 1.0 0.0 0.0 0.0 1.0 0.0
1332.172 -2357.299 -1502.336 1.0 0.0 0.0 0.0 1.0 0.0
1280.256 -2427.817 -1497.32 1.0 0.0 0.0 0.0 1.0 0.0
1221.448 -2497.837 -1495.264 1.0 0.0 0.0 0.0 1.0 0.0
1155.527 -2567.279 -1496.404 1.0 0.0 0.0 0.0 1.0 0.0
1082.274 -2636.061 -1500.975 1.0 0.0 0.0 0.0 1.0 0.0
1001.467 -2704.103 -1509.214 1.0 0.0 0.0 0.0 1.0 0.0
892.7376 -2788.194 -1519.899 1.0 0.0 0.0 0.0 1.0 0.0
783.9126 -2868.074 -1523.093 1.0 0.0 0.0 0.0 1.0 0.0
679.3995 -2940.392 -1518.436 1.0 0.0 0.0 0.0 1.0 0.0
579.4023 -3005.08 -1506.208 1.0 0.0 0.0 0.0 1.0 0.0
484.125 -3062.07 -1486.685 1.0 0.0 0.0 0.0 1.0 0.0
393.7714 -3111.295 -1460.146 1.0 0.0 0.0 0.0 1.0 0.0
308.5454 -3152.687 -1426.868 1.0 0.0 0.0 0.0 1.0 0.0
228.6509 -3186.178 -1387.129 1.0 0.0 0.0 0.0 1.0 0.0
154.2919 -3211.701 -1341.207 1.0 0.0 0.0 0.0 1.0 0.0
85.6722 -3229.188 -1289.38 1.0 0.0 0.0 0.0 1.0 0.0
22.99578 -3238.569 -1231.926 1.0 0.0 0.0 0.0 1.0 0.0
-33.53349 -3239.78 -1169.121 1.0 0.0 0.0 0.0 1.0 0.0
-83.71169 -3232.75 -1101.245 1.0 0.0 0.0 0.0 1.0 0.0
-127.3349 -3217.413 -1028.575 1.0 0.0 0.0 0.0 1.0 0.0
-164.1992 -3193.701 -951.3883 1.0 0.0 0.0 0.0 1.0 0.0
-194.1008 -3161.545 -869.9634 1.0 0.0 0.0 0.0 1.0 0.0
-216.8356 -3120.879 -784.5778 1.0 0.0 0.0 0.0 1.0 0.0
-232.1998 -3071.635 -695.5093 1.0 0.0 0.0 0.0 1.0 0.0
-239.9895 -3013.744 -603.0358 1.0 0.0 0.0 0.0 1.0 0.0
-240.0008 -2947.138 -507.4351 1.0 0.0 0.0 0.0 1.0 0.0
-232.0298 -2871.751 -408.9849 1.0 0.0 0.0 0.0 1.0 0.0
-215.8725 -2787.515 -307.9631 1.0 0.0 0.0 0.0 1.0 0.0
-191.325 -2694.361 -204.6474 1.0 0.0 0.0 0.0 1.0 0.0
-158.1835 -2592.222 -99.31573 1.0 0.0 0.0 0.0 1.0 0.0
-116.2441 -2481.03 7.754172 1.0 0.0 0.0 0.0 1.0 0.0
-65.30276 -2360.717 116.2845 1.0 0.0 0.0 0.0 1.0 0.0
-5.155657 -2231.216 225.9974 1.0 0.0 0.0 0.0 1.0 0.0
64.40114 -2092.458 336.6152 1.0 0.0 0.0 0.0 1.0 0.0
143.5715 -1944.376 447.86 1.0 0.0 0.0 0.0 1.0 0.0
232.5594 -1786.903 559.4539 1.0 0.0 0.0 0.0 1.0 0.0
331.5687 -1619.97 671.1193 1.0 0.0 0.0 0.0 1.0 0.0
440.8033 -1443.51 782.5783 1.0 0.0 0.0 0.0 1.0 0.0
560.4672 -1257.454 893.5531 1.0 0.0 0.0 0.0 1.0 0.0
690.7642 -1061.736 1003.766 1.0 0.0 0.0 0.0 1.0 0.0
831.8982 -856.2869 1112.939 1.0 0.0 0.0 0.0 1.0 0.0
984.0732 -641.0396 1220.794 1.0 0.0 0.0 0.0 1.0 0.0
1147.493 -415.926 1327.054 1.0 0.0 0.0 0.0 1.0 0.0
1322.362 -180.8784 1431.441 1.0 0.0 0.0 0.0 1.0 0.0
1508.883 64.17083 1533.677 1.0 0.0 0.0 0.0 1.0 0.0
1707.261 319.2896 1633.483 1.0 0.0 0.0 0.0 1.0 0.0
1917.699 584.5457 1730.584 1.0 0.0 0.0 0.0 1.0 0.0
2140.402 860.0067 1824.699 1.0 0.0 0.0 0.0 1.0 0.0
9.277463 23.76643 -300.0321 1.0 0.0 0.0 0.0 1.0 0.0
9.277463 23.76643 -300.0321 1.0 0.0 0.0 0.0 1.0 0.0
9.277463 23.76643 -300.0321 1.0 0.0 0.0 0.0 1.0 0.0
10.64253 25.91032 -331.4385 1.0 0.0 0.0 0.0 1.0 0.0
10.64253 25.91032 -331.4385 1.0 0.0 0.0 0.0 1.0 0.0
10.64253 25.91032 -331.4385 1.0 0.0 0.0 0.0 1.0 0.0
10.64253 25.91032 -331.4385 1.0 0.0 0.0 0.0 1.0 0.0
10.64253 25.91032 -331.4385 1.0 0.0 0.0 0.0 1.0 0.0
10.64253 25.91032 -331.4385 1.0 0.0 0.0 0.0 1.0 0.0
12.43872 28.73132 -372.7641 1.0 0.0 0.0 0.0 1.0 0.0
12.43872 28.73132 -372.7641 1.0 0.0 0.0 0.0 1.0 0.0
12.43872 28.73132 -372.7641 1.0 0.0 0.0 0.0 1.0 0.0
14.14291 31.40785 -411.9731 1.0 0.0 0.0 0.0 1.0 0.0
14.14291 31.40785 -411.9731 1.0 0.0 0.0 0.0 1.0 0.0
14.14291 31.40785 -411.9731 1.0 0.0 0.0 0.0 1.0 0.0
