0.190607 3.19385 -33.87971 0.9999753 -0.0003272555 0.007021252 -0.0003272555 0.9956646 0.09301534
2.832357 14.47523 -165.6269 0.9995373 -0.001203235 0.03039353 -0.001203235 0.9968711 0.07903487
10.23081 25.2637 -321.9659 0.9981079 -0.001844157 0.06145937 -0.001844157 0.9982026 0.05990152
21.97502 32.44589 -469.2527 0.9955063 -0.001839494 0.09467746 -0.001839494 0.999247 0.03875618
37.84462 36.10228 -607.7227 0.991497 -0.001007432 0.1301256 -0.001007432 0.9998806 0.01541723
57.61927 36.31336 -737.6114 0.9858142 0.0008698134 0.167838 0.0008698134 0.9999467 -0.01029112
81.07861 33.1596 -859.1545 0.9781654 0.004047991 0.2077882 0.004047991 0.9992495 -0.03852269
108.0023 26.72148 -972.5874 0.9682409 0.008820568 0.2498637 0.008820568 0.9975502 -0.06939541
138.17 17.07948 -1078.146 0.9557289 0.01551336 0.2938394 0.01551336 0.9945639 -0.1029664
171.3613 4.314097 -1176.065 0.940341 0.02447299 0.3393521 0.02447299 0.9899608 -0.1392072
207.3559 -11.4942 -1266.581 0.9218463 0.03604683 0.3858756 0.03604683 0.9833741 -0.1779774
245.9335 -30.26493 -1349.928 0.9001143 0.05055292 0.4327108 0.05055292 0.9744148 -0.2189983
286.8736 -51.91761 -1426.344 0.8751627 0.06824186 0.478992 0.06824186 0.9626958 -0.2618393
329.956 -76.37176 -1496.062 0.8472012 0.08925337 0.5237212 0.08925337 0.947865 -0.3059179
374.9603 -103.5469 -1559.319 0.8166628 0.1135759 0.565829 0.1135759 0.9296407 -0.3505264
421.6661 -133.3625 -1616.35 0.7842077 0.1410172 0.6042619 0.1410172 0.9078473 -0.3948765
469.8531 -165.7382 -1667.391 0.7506958 0.1711981 0.6380808 0.1711981 0.8824376 -0.4381723
519.3009 -200.5934 -1712.677 0.717125 0.2035699 0.6665516 0.2035699 0.8535017 -0.4796813
569.7892 -237.8477 -1752.444 0.6845509 0.2374585 0.6892051 0.2374585 0.82125 -0.5188081
621.0977 -277.4205 -1786.928 0.6539958 0.2721212 0.7058609 0.2721212 0.7859854 -0.5551369
673.0059 -319.2315 -1816.363 0.626372 0.3068094 0.7166073 0.3068094 0.7480596 -0.5884513
725.2935 -363.2 -1840.985 0.6024342 0.3408166 0.7217459 0.3408166 0.7078322 -0.6187226
777.7402 -409.2458 -1861.031 0.582752 0.3735148 0.7217249 0.3735148 0.6656345 -0.6460784
830.1257 -457.2881 -1876.735 0.5677165 0.4043669 0.7170672 0.4043669 0.6217468 -0.6707594
882.2295 -507.2466 -1888.333 0.5575609 0.4329243 0.7083095 0.4329243 0.5763859 -0.6930771
933.8314 -559.0409 -1896.06 0.5523902 0.458812 0.6959574 0.458812 0.5297054 -0.7133749
984.7109 -612.5903 -1900.153 0.5522118 0.4817075 0.6804558 0.4817075 0.4818039 -0.7319993
1034.648 -667.8145 -1900.846 0.5569631 0.5013176 0.6621728 0.5013176 0.4327351 -0.7492803
1083.422 -724.6329 -1898.375 0.5665307 0.5173539 0.6413952 0.5173539 0.3825281 -0.7655175
1130.812 -782.9651 -1892.977 0.5807636 0.5295126 0.6183285 0.5295126 0.3312041 -0.780974
1176.599 -842.7306 -1884.885 0.5994743 0.5374569 0.5931026 0.5374569 0.278798 -0.7958718
1220.561 -903.8489 -1874.336 0.6224355 0.5408037 0.5657786 0.5408037 0.2253809 -0.8103918
1262.479 -966.2395 -1861.566 0.6493686 0.5391132 0.5363556 0.5391132 0.1710865 -0.8246735
1302.133 -1029.822 -1846.809 0.6799229 0.5318861 0.5047793 0.5318861 0.1161417 -0.8388138
1339.301 -1094.516 -1830.302 0.7136483 0.5185686 0.4709487 0.5185686 0.06089807 -0.8528647
1373.764 -1160.24 -1812.28 0.7499676 0.4985623 0.4347231 0.4985623 0.005871236 -0.866834
1405.301 -1226.916 -1792.978 0.7881343 0.4712557 0.3959321 0.4712557 -0.04822087 -0.8806774
1433.692 -1294.461 -1772.632 0.8272004 0.4360641 0.3543835 0.4360641 -0.1004183 -0.8942954
1458.716 -1362.795 -1751.478 0.8659814 0.3924947 0.3098775 0.3924947 -0.1494832 -0.9075254
1480.153 -1431.839 -1729.751 0.9030395 0.3402351 0.2622207 0.3402351 -0.1938876 -0.9201347
1497.783 -1501.51 -1707.687 0.9366894 0.2792617 0.2112485 0.2792617 -0.231817 -0.931812
1511.386 -1571.73 -1685.52 0.9650452 0.2099666 0.1568495 0.2099666 -0.2612282 -0.9421645
1520.74 -1642.418 -1663.488 0.9861214 0.1332818 0.09899779 0.1332818 -0.2799581 -0.9507153
1525.627 -1713.492 -1641.825 0.9979947 0.05078096 0.03778886 0.05078096 -0.2859049 -0.9569116
1525.824 -1784.873 -1620.766 0.9990253 -0.03528458 -0.02652398 -0.03528458 -0.2772698 -0.960144
1521.113 -1856.48 -1600.548 0.9881111 -0.1220448 -0.09349615 -0.1220448 -0.252843 -0.9597788
1511.272 -1928.233 -1581.406 0.9649277 -0.2061971 -0.1624725 -0.2061971 -0.2122735 -0.9552082
1496.082 -2000.051 -1563.575 0.9300919 -0.2843101 -0.2325871 -0.2843101 -0.1562648 -0.9459118
1475.321 -2071.853 -1547.291 0.8851882 -0.3532104 -0.3027939 -0.3532104 -0.0866276 -0.9315246
1448.771 -2143.559 -1532.79 0.8326266 -0.4103685 -0.3719282 -0.4103685 -0.006147504 -0.9118991
1416.209 -2215.09 -1520.306 0.7753485 -0.454195 -0.4387956 -0.454195 0.08171934 -0.8871466
1377.416 -2286.363 -1510.077 0.716446 -0.4841767 -0.5022728 -0.4841767 0.1732541 -0.8576456
1332.172 -2357.299 -1502.336 0.6587837 -0.5008266 -0.5614061 -0.5008266 0.2649024 -0.8240142
1280.256 -2427.817 -1497.32 0.6047097 -0.5054793 -0.615481 -0.5054793 0.3536159 -0.7870493
1221.448 -2497.837 -1495.264 0.5558993 -0.4999996 -0.6640605 -0.4999996 0.4370657 -0.7476457
1155.527 -2567.279 -1496.404 0.513331 -0.4864848 -0.7069822 -0.4864848 0.5136993 -0.7067146
1082.274 -2636.061 -1500.975 0.4773716 -0.4670094 -0.7443242 -0.4670094 0.5826905 -0.6651121
1001.467 -2704.103 -1509.214 0.4479091 -0.4434533 -0.7763547 -0.4434533 0.6438071 -0.6235877
892.7376 -2788.194 -1519.899 0.3984647 -0.4548012 -0.7964808 -0.4548012 0.6561397 -0.6021932
783.9126 -2868.074 -1523.093 0.3365921 -0.4745938 -0.8133059 -0.4745938 0.6604814 -0.581829
679.3995 -2940.392 -1518.436 0.2660016 -0.4932884 -0.8281966 -0.4932884 0.6684823 -0.556595
579.4023 -3005.08 -1506.208 0.1852186 -0.5096005 -0.840239 -0.5096005 0.6812732 -0.5255228
484.125 -3062.07 -1486.685 0.09267199 -0.5214938 -0.8482078 -0.5214938 0.7002674 -0.487514
393.7714 -3111.295 -1460.146 -0.01312053 -0.5257868 -0.8505153 -0.5257868 0.7271284 -0.4413984
308.5454 -3152.687 -1426.868 -0.1331542 -0.517587 -0.8452063 -0.517587 0.7635835 -0.3860621
228.6509 -3186.178 -1387.129 -0.2671498 -0.4895416 -0.8300484 -0.4895416 0.810874 -0.320675
154.2919 -3211.701 -1341.207 -0.412055 -0.4309792 -0.8027874 -0.4309792 0.868459 -0.2450221
85.6722 -3229.188 -1289.38 -0.5592953 -0.3273328 -0.761605 -0.3273328 0.9312851 -0.1598788
22.99578 -3238.569 -1231.926 -0.6899265 -0.1611406 -0.705716 -0.1611406 0.9846346 -0.06729259
-33.53349 -3239.78 -1169.121 -0.7674208 0.08183263 -0.6359 0.08183263 0.9962111 0.02944255
-83.71169 -3232.75 -1101.245 -0.7326884 0.3943568 -0.5546626 0.3943568 0.9102451 0.1262402
-127.3349 -3217.413 -1028.575 -0.5211251 0.7151355 -0.465843 0.7151355 0.6637891 0.2190095
-164.1992 -3193.701 -951.3883 -0.1279058 0.9186497 -0.3737951 0.9186497 0.2517839 0.3044463
-194.1008 -3161.545 -869.9634 0.3316958 0.9000908 -0.2825146 0.9000908 -0.2122675 0.3804986
-216.8356 -3120.879 -784.5778 0.6996564 0.6873375 -0.1950597 0.6873375 -0.572974 0.4463949
-232.1998 -3071.635 -695.5093 0.9099911 0.3988258 -0.1133761 0.3988258 -0.7671816 0.5023651
-239.9895 -3013.744 -603.0358 0.9910659 0.127719 -0.03842099 0.127719 -0.8258364 0.5492563
-240.0008 -2947.138 -507.4351 0.9954401 -0.09068751 0.02957517 -0.09068751 -0.8036158 0.5881984
-232.0298 -2871.751 -408.9849 0.9626502 -0.2550517 0.0908475 -0.2550517 -0.741678 0.6203727
-215.8725 -2787.515 -307.9631 0.9153786 -0.3752336 0.1458831 -0.3752336 -0.6638836 0.6468838
-191.325 -2694.361 -204.6474 0.8650452 -0.4621286 0.1952793 -0.4621286 -0.5824766 0.6686991
-158.1835 -2592.222 -99.31573 0.816879 -0.524667 0.2396523 -0.524667 -0.5032436 0.686637
-116.2441 -2481.03 7.754172 0.7729749 -0.5695071 0.2795917 -0.5695071 -0.4286451 0.7013738
-65.30276 -2360.717 116.2845 0.7339253 -0.6014394 0.3156333 -0.6014394 -0.3595029 0.7134623
-5.155657 -2231.216 225.9974 0.6996337 -0.6238847 0.3482538 -0.6238847 -0.2958579 0.7233508
64.40114 -2092.458 336.6152 0.6697195 -0.6392888 0.3778698 -0.6392888 -0.2374034 0.7314023
143.5715 -1944.376 447.86 0.6437116 -0.6494144 0.4048411 -0.6494144 -0.1837014 0.7379124
232.5594 -1786.903 559.4539 0.6211334 -0.6555464 0.429479 -0.6555464 -0.1342809 0.7431203
331.5687 -1619.97 671.1193 0.6015458 -0.65863 0.45205 -0.65863 -0.08869088 0.7472219
440.8033 -1443.51 782.5783 0.5845573 -0.6593698 0.4727836 -0.6593698 -0.04651856 0.7503783
560.4672 -1257.454 893.5531 0.5698251 -0.658297 0.4918785 -0.658297 -0.007392526 0.752722
690.7642 -1061.736 1003.766 0.5570558 -0.6558154 0.5095047 -0.6558154 0.02901113 0.7543638
831.8982 -856.2869 1112.939 0.5459969 -0.6522353 0.5258102 -0.6522353 0.06297779 0.7553958
984.0732 -641.0396 1220.794 0.5364312 -0.6477985 0.540924 -0.6477985 0.09475601 0.7558959
1147.493 -415.926 1327.054 0.5281741 -0.6426932 0.5549572 -0.6426932 0.1245614 0.7559298
1322.362 -180.8784 1431.441 0.5210662 -0.6370686 0.5680084 -0.6370686 0.1525835 0.755554
1508.883 64.17083 1533.677 0.5149693 -0.6310435 0.5801644 -0.6310435 0.1789881 0.7548162
1707.261 319.2896 1633.483 0.5097675 -0.6247116 0.5915002 -0.6247116 0.2039194 0.7537588
1917.699 584.5457 1730.584 0.5053562 -0.6181503 0.6020842 -0.6181503 0.2275051 0.7524172
2140.402 860.0067 1824.699 0.5016475 -0.6114205 0.6119761 -0.6114205 0.2498582 0.7508234
-0.0006656647 3.499674 3.157092 1 0 0 0 -1 0
-0.0006656647 3.499674 14.7177 1 0 0 0 -1 0
-0.0006656647 3.499674 26.11126 1 0 0 0 -1 0
-0.0006656647 3.499674 41.81421 1 0 0 0 -1 0
-0.0006656647 3.499674 42.80482 1 0 0 0 -1 0
-0.0006656647 3.499674 54.24625 1 0 0 0 -1 0
0 0 0 -0.8237276 0.2794645 0.4933282 0.5667993 0.3835483 0.7291292
0 0 0 -0.6440415 0.4081882 0.6469877 0.7529741 0.4875687 0.4419354
0 0 0 -0.2629255 0.8231992 0.5032033 0.7798535 0.4884075 -0.3915185
0 0 0 -0.1106328 0.9723942 0.2054511 0.6569102 0.2266707 -0.7190894
0 0 0 -0.2314825 0.8138112 -0.5330359 0.2561021 -0.4776144 -0.8404143
0 0 0 -0.4805038 0.638651 -0.6010333 0.121248 -0.6303756 -0.7667631
0 0 0 0.2450627 0.1083136 0.9634379 -0.4802178 0.8768325 0.02357249
0 0 0 0.1045521 -0.3250325 0.9399057 -0.2863955 0.8952098 0.3414338
0 0 0 -0.4716405 -0.6915911 0.5470439 -0.2699693 0.7038391 0.6570594
0 0 0 -0.8145593 -0.5738439 0.08483213 -0.3586542 0.6131536 0.7038535
0 0 0 -0.9587712 -0.2838485 -0.01370288 -0.2376469 0.7744067 0.5863602
0 0 0 -0.6898117 0.6622514 -0.2925458 0.6500211 0.3885936 -0.6530449
0 0 0 -0.826571 0.459497 -0.325028 -0.01847236 -0.5993226 -0.8002947
0 0 0 -0.8484336 0.5042281 -0.1609801 -0.248328 -0.6477827 -0.7202159
0 0 0 0.008631587 0.09161052 0.9957575 -0.6503395 0.7569427 -0.06400201
0 0 0 -0.9179026 0.386633 -0.08927368 0.3854268 0.9222149 0.03107797
0 0 0 -0.7820394 0.5959662 -0.1823153 0.5936301 0.6232315 -0.5091029
0 0 0 -0.8301253 0.4873095 -0.2709638 0.3308876 0.03940141 -0.9428473
0 0 0 -0.8946316 0.4320739 -0.1137834 0.09842822 -0.05782044 -0.993463
0 0 0 -0.7501818 0.3394418 0.5674567 -0.3038418 0.5852548 -0.7517693
0 0 0 -0.6755995 -0.4827324 0.5572567 -0.3498751 0.8752302 0.3340053
0 0 0 -0.9566865 -0.1947072 0.216427 -0.03161778 0.8085203 0.5876183
0 0 0 -0.9755018 0.04231502 0.2158839 0.1502567 0.8449268 0.5133436
0 0 0 -0.5422208 0.7835137 0.3034841 0.5117939 0.5944297 -0.6202582
